Коефіцієнти інтерполяційного полінома (від a0 до a4):
  a0 = -8.180000
  a1 = 186.250000
  a2 = -864.027778
  a3 = 1480.555556
  a4 = -852.777778

P(x) = -8.1800 + 186.2500·x^1 + -864.0278·x^2 + 1480.5556·x^3 + -852.7778·x^4
P(0.2) = 4.988889
P(0.5) = 0.708889
